0.0
1.02326
0.046509999999999004
1.069769999999999
0.093019999999999
1.11628
0.13953000000000002
1.16279
0.18605000000000002
1.2093
0.23256000000000002
1.255809999999999
0.27907000000000004
1.30233
0.32558000000000004
1.3488399999999992
0.37209000000000003
1.395349999999999
0.4186
1.4418600000000001
0.46512000000000003
1.48837
0.51163
1.53488
0.5581400000000001
1.5814
0.60465
1.62791
0.6511600000000001
1.67442
0.69767
1.72093
0.74419
1.7674400000000001
0.7907000000000001
1.8139500000000002
0.8372100000000001
1.86047
0.8837200000000001
1.9069800000000001
0.9302300000000001
1.95349
0.97674
