1.0
0.0
1.058819999999999
0.058820000000000004
1.11765
0.11765
1.1764700000000001
0.17647000000000002
1.23529
0.23529000000000003
1.29412
0.29412000000000005
1.35294
0.35294000000000003
1.4117600000000001
0.41176
1.470589999999999
0.470589999999999
1.52941
0.529409999999999
1.58824
0.5882400000000001
1.6470600000000002
0.6470600000000001
1.70588
0.7058800000000001
1.76471
0.7647100000000001
1.823529999999999
0.8235300000000001
1.8823500000000002
0.8823500000000001
1.9411800000000001
0.9411799999999991
