0.0
1.0
0.047619999999999
1.04762
0.095239999999999
1.09524
0.14286000000000001
1.14286
0.190479999999999
1.19048
0.2381
1.2381
0.285709999999999
1.28571
0.333329999999999
1.3333300000000001
0.38095
1.38095
0.42857000000000006
1.4285700000000001
0.47619000000000006
1.4761900000000001
0.52381
1.523809999999999
0.57143
1.5714299999999999
0.6190500000000001
1.6190499999999992
0.6666700000000001
1.66667
0.7142900000000001
1.7142899999999992
0.7619
1.7619
0.80952
1.80952
0.8571400000000001
1.8571400000000002
0.9047600000000001
1.90476
0.9523800000000001
1.9523800000000002
