0.40650000000000003
0.0
0.42586
0.019360000000000002
0.44521000000000005
0.03871
0.46457000000000004
0.058070000000000004
0.48393
0.07743000000000001
0.50329
0.09679
0.52264
0.11614000000000001
0.542
0.1355
0.5613600000000001
0.15486000000000003
0.5807100000000001
0.17421
0.60007
0.19357000000000002
0.619429999999999
0.21293
0.6387900000000001
0.23229000000000002
0.6581400000000001
0.25164000000000003
0.6775
0.271
0.69686
0.29036
0.71621
0.30971000000000004
0.7355700000000001
0.32907000000000003
0.7549300000000001
0.34843
0.774289999999999
0.36779
0.79364
0.38714000000000004
