0.0
0.055560000000000005
0.11111000000000001
0.166669999999999
0.22222000000000003
0.277779999999999
0.333329999999999
0.38889
0.44444000000000006
0.5
0.555559999999999
0.61111
0.6666700000000001
0.7222200000000001
0.77778
0.83333
0.8888900000000001
0.9444400000000001
1.0
1.05556
1.111109999999999
1.16667
1.22222
1.27778
1.3333300000000001
1.38889
1.4444400000000002
1.5
1.55556
1.6111099999999992
1.66667
1.72222
1.77778
1.8333300000000001
1.88889
1.9444400000000002
2.0
2.05556
2.11111
2.16667
2.222219999999999
2.27778
2.33333
2.38889
2.44444
