0.0
0.05319
0.10638
0.15957000000000002
0.21277000000000001
0.26596000000000003
0.31915000000000004
0.372339999999999
0.425529999999999
0.47872000000000003
0.53191
0.58511
0.6383
0.69149
0.744679999999999
0.7978700000000001
0.851059999999999
0.9042600000000001
0.95745
1.01064
1.063829999999999
1.1170200000000001
1.17021
1.2234
1.2766
1.32979
1.38298
1.4361700000000002
1.4893599999999991
1.542549999999999
1.5957400000000002
1.64894
1.70213
1.7553200000000002
1.80851
1.8617
1.9148900000000002
1.9680900000000001
2.02128
2.07447
2.1276599999999988
2.18085
2.2340400000000002
2.28723
2.34043
2.39362
2.44681
