0.9729700000000001
1.94595
0.9189200000000001
1.89189
0.8648600000000001
1.83784
0.810809999999999
1.7837800000000001
0.7567600000000001
1.72973
0.7027
1.67568
0.6486500000000001
1.6216199999999992
0.5945900000000001
1.56757
0.540539999999999
1.5135100000000001
0.48649000000000003
1.45946
0.43243000000000004
1.40541
0.37838000000000005
1.3513499999999992
0.32432000000000005
1.2973
0.270269999999999
1.2432400000000001
0.21622000000000002
1.18919
0.16216000000000003
1.13514
0.10811000000000001
1.081079999999999
0.054049999999999
1.027029999999999
0.0
